CAMERA_INTRINSICS = 50.200218200683594 0.0 120.57427215576172 0.0 49.84391403198242 255.68565368652344 0.0 0.0 1.0 
CAMERA_LENS_DIST = -0.0020113710779696703 7.43889540899545E-5 -0.016538530588150024 -0.9998632073402405 